{
  "nbformat": 4,
  "nbformat_minor": 0,
  "metadata": {
    "colab": {
      "name": "JG_Assignment -1 - DS.ipynb",
      "provenance": [],
      "collapsed_sections": [],
      "include_colab_link": true
    },
    "kernelspec": {
      "name": "python3",
      "display_name": "Python 3"
    }
  },
  "cells": [
    {
      "cell_type": "markdown",
      "metadata": {
        "id": "view-in-github",
        "colab_type": "text"
      },
      "source": [
        "<a href=\"https://colab.research.google.com/github/Joydeep75/SHALA2020/blob/master/JG_Assignment_1_DS.ipynb\" target=\"_parent\"><img src=\"https://colab.research.google.com/assets/colab-badge.svg\" alt=\"Open In Colab\"/></a>"
      ]
    },
    {
      "cell_type": "markdown",
      "metadata": {
        "id": "hmr2U-GChnlR",
        "colab_type": "text"
      },
      "source": [
        "\n",
        "# **Assignment - 1 : Getting Started**\n",
        "\n",
        "---\n",
        "\n",
        "This assignment will get you familiarized with python libraries required for ***data science*** and ***machine learning***. You will have to complete the code snippets and run them. "
      ]
    },
    {
      "cell_type": "markdown",
      "metadata": {
        "id": "211pD45xEO0u",
        "colab_type": "text"
      },
      "source": [
        "## **Note :**   Use only the methods and attributes of the ```numpy``` library. **Do not** hard-code them. Avoid loops as much as possible."
      ]
    },
    {
      "cell_type": "markdown",
      "metadata": {
        "id": "O7v9C4mun3SQ",
        "colab_type": "text"
      },
      "source": [
        "---\n",
        "## Part - 1\n",
        " In this part, you will work with the library ```numpy```. \n",
        "\n",
        "\n"
      ]
    },
    {
      "cell_type": "markdown",
      "metadata": {
        "id": "846yDaXQwiMD",
        "colab_type": "text"
      },
      "source": [
        "Import ```numpy``` with an alias name ```np```. Initialize two arrays $a$, $b$ of size $3 \\times 5$ with random values and print them. "
      ]
    },
    {
      "cell_type": "code",
      "metadata": {
        "id": "_MyeCO3_o3oq",
        "colab_type": "code",
        "outputId": "57fd58ba-6852-4177-dcdc-2190e9a0cb11",
        "colab": {
          "base_uri": "https://localhost:8080/",
          "height": 221
        }
      },
      "source": [
        "import numpy as np\n",
        "\n",
        "a1 = np.arange(15).reshape(3,5)\n",
        "b1 = np.arange(15).reshape(3,5)\n",
        "\n",
        "a = np.random.rand(3,5)\n",
        "b = np.random.rand(3,5)\n",
        "\n",
        "print(a1)\n",
        "print(b1)\n",
        "\n",
        "print(a) \n",
        "print(b)\n"
      ],
      "execution_count": 14,
      "outputs": [
        {
          "output_type": "stream",
          "text": [
            "[[ 0  1  2  3  4]\n",
            " [ 5  6  7  8  9]\n",
            " [10 11 12 13 14]]\n",
            "[[ 0  1  2  3  4]\n",
            " [ 5  6  7  8  9]\n",
            " [10 11 12 13 14]]\n",
            "[[0.46174906 0.03978639 0.35347303 0.39785483 0.26461485]\n",
            " [0.97386919 0.4648059  0.5498373  0.44983158 0.57039695]\n",
            " [0.13528316 0.08854301 0.65891731 0.5888842  0.61702791]]\n",
            "[[0.2481868  0.99668724 0.79817031 0.28843961 0.89966619]\n",
            " [0.46499324 0.71076636 0.7571529  0.91500997 0.56884089]\n",
            " [0.95770976 0.9944497  0.74531541 0.09479969 0.25132834]]\n"
          ],
          "name": "stdout"
        }
      ]
    },
    {
      "cell_type": "markdown",
      "metadata": {
        "id": "p7jtpYT4wiO6",
        "colab_type": "text"
      },
      "source": [
        "Initialize and print two arrays $c$ and $d$ having the following properties:\n",
        "*   $c$ is a row vector with all non-negative integer values less than 100\n",
        "* $d$ is a square matrix of size 3 having all entries as 0.0"
      ]
    },
    {
      "cell_type": "code",
      "metadata": {
        "id": "a2lJdRf8x9f2",
        "colab_type": "code",
        "outputId": "869d952c-5ffa-41e8-abbb-990611f4065a",
        "colab": {
          "base_uri": "https://localhost:8080/",
          "height": 153
        }
      },
      "source": [
        "c = np.arange(100)\n",
        "\n",
        "d = np.zeros((3,3))\n",
        "# d = np.zeros(3) # or np.zeros(3, dtype=np.float) OR np.zeros(3, dtype=np.float32)\n",
        "\n",
        "print(c)\n",
        "print(d)\n"
      ],
      "execution_count": 9,
      "outputs": [
        {
          "output_type": "stream",
          "text": [
            "[ 0  1  2  3  4  5  6  7  8  9 10 11 12 13 14 15 16 17 18 19 20 21 22 23\n",
            " 24 25 26 27 28 29 30 31 32 33 34 35 36 37 38 39 40 41 42 43 44 45 46 47\n",
            " 48 49 50 51 52 53 54 55 56 57 58 59 60 61 62 63 64 65 66 67 68 69 70 71\n",
            " 72 73 74 75 76 77 78 79 80 81 82 83 84 85 86 87 88 89 90 91 92 93 94 95\n",
            " 96 97 98 99]\n",
            "[[0. 0. 0.]\n",
            " [0. 0. 0.]\n",
            " [0. 0. 0.]]\n"
          ],
          "name": "stdout"
        }
      ]
    },
    {
      "cell_type": "markdown",
      "metadata": {
        "id": "qqgtSsa88Zmh",
        "colab_type": "text"
      },
      "source": [
        "We have $e$ as following : ```e = [[1,2,3],[4,5,6],[7,8,9]]```. Change $e$ as a numpy array and print it."
      ]
    },
    {
      "cell_type": "code",
      "metadata": {
        "id": "Krhm4bVE7RET",
        "colab_type": "code",
        "outputId": "7a04dfb1-2d6e-41fd-ec50-c55000f0a859",
        "colab": {
          "base_uri": "https://localhost:8080/",
          "height": 68
        }
      },
      "source": [
        "e = [[1,2,3],[4,5,6],[7,8,9]]\n",
        "e = np.array(e)\n",
        "print(e)\n"
      ],
      "execution_count": 10,
      "outputs": [
        {
          "output_type": "stream",
          "text": [
            "[[1 2 3]\n",
            " [4 5 6]\n",
            " [7 8 9]]\n"
          ],
          "name": "stdout"
        }
      ]
    },
    {
      "cell_type": "markdown",
      "metadata": {
        "id": "1qTikI0foam9",
        "colab_type": "text"
      },
      "source": [
        "$f$ and $g$ are two square matrices of size 5 such that all the entries of $f$ are 1 and $g$ is an identity matrix. Initialize them and print them"
      ]
    },
    {
      "cell_type": "code",
      "metadata": {
        "id": "DvaLckI49aBV",
        "colab_type": "code",
        "outputId": "19235b3c-82c5-497a-a65f-5da82ee9dbc9",
        "colab": {
          "base_uri": "https://localhost:8080/",
          "height": 102
        }
      },
      "source": [
        "f = np.ones((5,5))\n",
        "print(f)"
      ],
      "execution_count": 11,
      "outputs": [
        {
          "output_type": "stream",
          "text": [
            "[[1. 1. 1. 1. 1.]\n",
            " [1. 1. 1. 1. 1.]\n",
            " [1. 1. 1. 1. 1.]\n",
            " [1. 1. 1. 1. 1.]\n",
            " [1. 1. 1. 1. 1.]]\n"
          ],
          "name": "stdout"
        }
      ]
    },
    {
      "cell_type": "code",
      "metadata": {
        "id": "3VHHqTajcXnB",
        "colab_type": "code",
        "colab": {
          "base_uri": "https://localhost:8080/",
          "height": 102
        },
        "outputId": "5150064b-5b07-4bf6-f8d0-cf26015001a5"
      },
      "source": [
        "g = np.eye(5)\n",
        "print(g)"
      ],
      "execution_count": 12,
      "outputs": [
        {
          "output_type": "stream",
          "text": [
            "[[1. 0. 0. 0. 0.]\n",
            " [0. 1. 0. 0. 0.]\n",
            " [0. 0. 1. 0. 0.]\n",
            " [0. 0. 0. 1. 0.]\n",
            " [0. 0. 0. 0. 1.]]\n"
          ],
          "name": "stdout"
        }
      ]
    },
    {
      "cell_type": "markdown",
      "metadata": {
        "id": "gcBZAZibAKcg",
        "colab_type": "text"
      },
      "source": [
        "Reshape $c$ into a $10 \\times 10$ matrix and name it $h$. Now flatten $h$, call it $c^\\prime$ and print **YES** when the shapes of $c$ and $c^\\prime$ are same. Otherwise print **NO**."
      ]
    },
    {
      "cell_type": "code",
      "metadata": {
        "id": "I71vtO9bA9Pi",
        "colab_type": "code",
        "outputId": "613d749e-bb2b-4c18-da29-1677f1a981db",
        "colab": {
          "base_uri": "https://localhost:8080/",
          "height": 34
        }
      },
      "source": [
        "h = c.reshape(10, 10)\n",
        "h\n",
        "c1 = h.flatten()\n",
        "\n",
        "if c.shape == c1.shape:\n",
        "  print('YES')\n",
        "else:\n",
        "  print('NO')\n"
      ],
      "execution_count": 0,
      "outputs": [
        {
          "output_type": "stream",
          "text": [
            "YES\n"
          ],
          "name": "stdout"
        }
      ]
    },
    {
      "cell_type": "markdown",
      "metadata": {
        "id": "8FrecDPiA-Bv",
        "colab_type": "text"
      },
      "source": [
        "Let $A$ denote a randomly initialized three dimensional matrix of shape (2,10,5). Transpose $A$, call it $A^\\prime$, such that its shape is (5,2,10) and print it."
      ]
    },
    {
      "cell_type": "code",
      "metadata": {
        "id": "VbOKqSm6Bkaq",
        "colab_type": "code",
        "outputId": "91b1ab86-3874-41a5-e019-94ca2119dd48",
        "colab": {
          "base_uri": "https://localhost:8080/",
          "height": 85
        }
      },
      "source": [
        "A = np.random.rand(2,10,5)\n",
        "print(A.shape)\n",
        "\n",
        "A1 = A.transpose()\n",
        "# print(A1)\n",
        "print(A1.shape)\n",
        "\n",
        "A2 = A1.reshape(5, 2, 10)\n",
        "print(A2.shape)\n",
        "\n",
        "A3 = A.transpose().reshape(5, 2, 10)\n",
        "print(A3.shape)"
      ],
      "execution_count": 36,
      "outputs": [
        {
          "output_type": "stream",
          "text": [
            "(2, 10, 5)\n",
            "(5, 10, 2)\n",
            "(5, 2, 10)\n",
            "(5, 2, 10)\n"
          ],
          "name": "stdout"
        }
      ]
    },
    {
      "cell_type": "code",
      "metadata": {
        "id": "fGPemGlVLBkx",
        "colab_type": "code",
        "outputId": "d46485d8-d7f8-4167-aece-384654d07f33",
        "colab": {
          "base_uri": "https://localhost:8080/",
          "height": 68
        }
      },
      "source": [
        "d = np.array([[1,2,30],[4,50,6], [7,8,9]])\n",
        "print(d)\n",
        "\n",
        "idx_col_max = np.argmax(d, axis = 0)\n",
        "d, idx_col_max, d[np.array([idx_col_max])]"
      ],
      "execution_count": 18,
      "outputs": [
        {
          "output_type": "stream",
          "text": [
            "[[ 1  2 30]\n",
            " [ 4 50  6]\n",
            " [ 7  8  9]]\n"
          ],
          "name": "stdout"
        }
      ]
    },
    {
      "cell_type": "markdown",
      "metadata": {
        "id": "xR2zd-nkCani",
        "colab_type": "text"
      },
      "source": [
        "You have a matrix $X$ of size (10,5) filled with random values. Print the following :\n",
        "* Minimum value and index where it occured, for each column\n",
        "* Maximum value and the index where it occured, for each column\n",
        "* Minimum value and index where it occured, for each row\n",
        "* Maximum value and index where it occured, for each row\n",
        "* Minimum value and index where it occured, for the entire matrix\n",
        "* Maximum value and index where it occured, for the entire matrix"
      ]
    },
    {
      "cell_type": "code",
      "metadata": {
        "id": "FR2Wd4fWD_Og",
        "colab_type": "code",
        "outputId": "f56e26fb-8476-4d13-f39e-ded6b97b17cf",
        "colab": {
          "base_uri": "https://localhost:8080/",
          "height": 323
        }
      },
      "source": [
        "import numpy as np\n",
        "\n",
        "np.random.seed(0)\n",
        "X = np.random.rand(10,5)\n",
        "\n",
        "print(X)\n",
        "\n",
        "# for column: axis = 0 and for row: axis = 1 \n",
        "\n",
        "# Minimum value and index where it occured, for each column\n",
        "print(np.min(X, 0), np.argmin(X, 0))\n",
        "\n",
        "# Maximum value and the index where it occured, for each column\n",
        "print(np.max(X,axis = 0), np.argmax(X, axis = 0)) \n",
        "\n",
        "# Minimum value and index where it occured, for each row\n",
        "print(np.min(X, 1), np.argmin(X, 1))\n",
        "# Maximum value and index where it occured, for each row\n",
        "print(np.max(X, axis = 1), np.argmax(X, axis =1))\n",
        "\n",
        "# Minimum value and index where it occured, for the entire matrix\n",
        "print(np.min(X), np.argmin(X))\n",
        "\n",
        "# Maximum value and index where it occured, for the entire matrix\n",
        "print(np.max(X), np.argmax(X))\n",
        "\n",
        "# Note:\n",
        "# # Maximum value and the index where it occured, for each column\n",
        "# idx_col_max = np.argmax(X, axis=0) # axis=0 for column. This will give the index of the maximum value taking all the column value\n",
        "# X, idx_col_max, X[idx_col_max]\n",
        "\n",
        "# # idx_row_max = np.argmax(X, axis=1) # axis =1 for row. This will give the index of the maximum value taking all the row value\n",
        "# X, idx_row, idx_col\n",
        "\n"
      ],
      "execution_count": 30,
      "outputs": [
        {
          "output_type": "stream",
          "text": [
            "[[0.5488135  0.71518937 0.60276338 0.54488318 0.4236548 ]\n",
            " [0.64589411 0.43758721 0.891773   0.96366276 0.38344152]\n",
            " [0.79172504 0.52889492 0.56804456 0.92559664 0.07103606]\n",
            " [0.0871293  0.0202184  0.83261985 0.77815675 0.87001215]\n",
            " [0.97861834 0.79915856 0.46147936 0.78052918 0.11827443]\n",
            " [0.63992102 0.14335329 0.94466892 0.52184832 0.41466194]\n",
            " [0.26455561 0.77423369 0.45615033 0.56843395 0.0187898 ]\n",
            " [0.6176355  0.61209572 0.616934   0.94374808 0.6818203 ]\n",
            " [0.3595079  0.43703195 0.6976312  0.06022547 0.66676672]\n",
            " [0.67063787 0.21038256 0.1289263  0.31542835 0.36371077]]\n",
            "[0.0871293  0.0202184  0.1289263  0.06022547 0.0187898 ] [3 3 9 8 6]\n",
            "[0.97861834 0.79915856 0.94466892 0.96366276 0.87001215] [4 4 5 1 3]\n",
            "[0.4236548  0.38344152 0.07103606 0.0202184  0.11827443 0.14335329\n",
            " 0.0187898  0.61209572 0.06022547 0.1289263 ] [4 4 4 1 4 1 4 1 3 2]\n",
            "[0.71518937 0.96366276 0.92559664 0.87001215 0.97861834 0.94466892\n",
            " 0.77423369 0.94374808 0.6976312  0.67063787] [1 3 3 4 0 2 1 3 2 0]\n",
            "0.018789800436355142 34\n",
            "0.978618342232764 20\n"
          ],
          "name": "stdout"
        }
      ]
    },
    {
      "cell_type": "markdown",
      "metadata": {
        "id": "YpjW2ypkEGtS",
        "colab_type": "text"
      },
      "source": [
        "Find and print the following for the matrix X: \n",
        "* Mean of each row and column\n",
        "* Standard deviation of each row and column\n",
        "* Mean of the entire matrix\n",
        "* Standard deviation of entire matrix"
      ]
    },
    {
      "cell_type": "code",
      "metadata": {
        "id": "gMdm2pw0GWjf",
        "colab_type": "code",
        "colab": {
          "base_uri": "https://localhost:8080/",
          "height": 119
        },
        "outputId": "93cbcd18-b4ba-4d8c-c81b-f09f097ac31f"
      },
      "source": [
        "# Mean of each row and column\n",
        "print(np.mean(X, axis =1), np.mean(X, axis = 0))\n",
        "\n",
        "# Standard deviation of each row and column\n",
        "print(np.std(X, axis = 0), np.std(X, axis = 1))\n",
        "\n",
        "# Mean of the entire matrix\n",
        "print(np.mean(X))\n",
        "\n",
        "# Standard deviation of entire matrix\n",
        "print(np.std(X))"
      ],
      "execution_count": 32,
      "outputs": [
        {
          "output_type": "stream",
          "text": [
            "[0.56706085 0.66447172 0.57705944 0.51762729 0.62761197 0.5328907\n",
            " 0.41643268 0.69444672 0.44423265 0.33781717] [0.56044382 0.46781457 0.62009909 0.64025127 0.40121685]\n",
            "[0.24687647 0.25752158 0.22948615 0.28054144 0.26584905] [0.09445299 0.23322986 0.29189733 0.38052993 0.30431633 0.26338419\n",
            " 0.25841437 0.12727959 0.23169975 0.18537332]\n",
            "0.5379651182755409\n",
            "0.27226582292177587\n"
          ],
          "name": "stdout"
        }
      ]
    },
    {
      "cell_type": "markdown",
      "metadata": {
        "id": "7dw7W8HOGXKA",
        "colab_type": "text"
      },
      "source": [
        "Let $Y$ denote a square matrix of size 10 with random values. Print the following:\n",
        "* Determinant\n",
        "* Rank of the matrix\n",
        "* Diagonal Elements\n",
        "* Trace\n",
        "* Eigen values\n",
        "* Matrices obtained after Singular Value Decomposition\n",
        "* Inverse if exists, otherwise Pseudo-Inverse\n",
        "* Multiplication $Y$ with $X$\n",
        "* Element-wise multiplication of $Y$ and its inverse(or pseudo-inverse)"
      ]
    },
    {
      "cell_type": "code",
      "metadata": {
        "id": "Tswbn9hgL7yi",
        "colab_type": "code",
        "colab": {
          "base_uri": "https://localhost:8080/",
          "height": 1000
        },
        "outputId": "3dcb54e3-89aa-4045-e4b0-f11c71518590"
      },
      "source": [
        "np.random.seed(3)\n",
        "Y = np.random.rand(10,10)\n",
        "print(Y)\n",
        "\n",
        "# Determinant\n",
        "print('Determinent of Y = {}'.format(np.linalg.det(Y)))\n",
        "\n",
        "# Rank of the matrix\n",
        "print('Rank of Y = {}'.format(np.linalg.matrix_rank(Y)))\n",
        "\n",
        "# Diagonal Elements\n",
        "print('Type1 : Diagonal Elements of Y are = {}'.format(Y.diagonal()))\n",
        "# OR\n",
        "print('Type2: Diagonal Elements of Y are = {}'.format(np.diag(Y)))\n",
        "\n",
        "# Trace\n",
        "print('Trace of Y = {}'.format(np.trace(Y)))\n",
        "\n",
        "# Eigen values\n",
        "print('First Way : Eigen Value of Y are = {}'.format(np.linalg.eigvals(Y)))\n",
        "\n",
        "Y_eigen_value, Y_eigen_vector = np.linalg.eig(Y)\n",
        "print('2nd Way : Eigen Value of Y are = {}'.format(Y_eigen_value))\n",
        "\n",
        "# Matrices obtained after Singular Value Decomposition\n",
        "u, sigma, v_transpose = np.linalg.svd(Y)\n",
        "\n",
        "print('u of Y = \\n{}'.format(u))\n",
        "print('v_transpose of Y = \\n{}'.format(v_transpose))\n",
        "print('Singular Value of Y = \\n{}'.format(sigma))\n",
        "\n",
        "# print('\\033[1;37;44m u of Y = {} \\n'.format(u))\n",
        "# print('\\034[1;37;44m sigma of Y = {} \\n'.format(sigma))\n",
        "# print('\\035[1;37;44m v_transpose of Y = {} \\n'.format(v_transpose))\n",
        "\n",
        "# Inverse if exists, otherwise Pseudo-Inverse -- Manually\n",
        "if (np.linalg.det(Y)) != 0:\n",
        "  inv_matrix_Y = np.linalg.inv(Y)\n",
        "else:\n",
        "  psudo_inv_matrix_Y = np.linalg.pinv(Y)\n",
        "\n",
        "print('Inverse if exists, otherwise Pseudo-Inverse {}'.format(np.linalg.pinv(Y)))\n",
        "\n",
        "# Inverse if exists, otherwise Pseudo-Inverse -- In a single line\n",
        "print('Inverse if exists, otherwise Pseudo-Inverse {}'.format(np.linalg.pinv(Y)))\n",
        "\n",
        "# Multiplication  𝑌  with  𝑋 \n",
        "print('Multiplication  𝑌  with  𝑋 {}'.format(np.matmul(Y, X)))\n",
        "\n",
        "# Element-wise multiplication of  𝑌  and its inverse(or pseudo-inverse)\n",
        "print('Element-wise multiplication of 𝑌  and its inverse(or pseudo-inverse) {}'.format(np.linalg.pinv(Y)))\n"
      ],
      "execution_count": 54,
      "outputs": [
        {
          "output_type": "stream",
          "text": [
            "[[0.5507979  0.70814782 0.29090474 0.51082761 0.89294695 0.89629309\n",
            "  0.12558531 0.20724288 0.0514672  0.44080984]\n",
            " [0.02987621 0.45683322 0.64914405 0.27848728 0.6762549  0.59086282\n",
            "  0.02398188 0.55885409 0.25925245 0.4151012 ]\n",
            " [0.28352508 0.69313792 0.44045372 0.15686774 0.54464902 0.78031476\n",
            "  0.30636353 0.22195788 0.38797126 0.93638365]\n",
            " [0.97599542 0.67238368 0.90283411 0.84575087 0.37799404 0.09221701\n",
            "  0.6534109  0.55784076 0.36156476 0.2250545 ]\n",
            " [0.40651992 0.46894025 0.26923558 0.29179277 0.4576864  0.86053391\n",
            "  0.5862529  0.28348786 0.27797751 0.45462208]\n",
            " [0.20541034 0.20137871 0.51403506 0.08722937 0.48358553 0.36217621\n",
            "  0.70768662 0.74674622 0.69109292 0.68918041]\n",
            " [0.37360012 0.6681348  0.33984866 0.57279387 0.32580716 0.44514505\n",
            "  0.06152893 0.24267542 0.97160261 0.2305842 ]\n",
            " [0.69147751 0.65047686 0.72393914 0.47508861 0.59666377 0.06696942\n",
            "  0.07256214 0.19897603 0.151861   0.10010434]\n",
            " [0.12929386 0.55327773 0.18781482 0.95210124 0.68161178 0.54101967\n",
            "  0.7071806  0.26388667 0.92672568 0.83919306]\n",
            " [0.7263195  0.48023996 0.84210319 0.74475232 0.66032591 0.91397527\n",
            "  0.63366556 0.36594058 0.55284457 0.19638058]]\n",
            "Determinent of Y = -0.012807808169095483\n",
            "Rank of Y = 10\n",
            "Type1 : Diagonal Elements of Y are = [0.5507979  0.45683322 0.44045372 0.84575087 0.4576864  0.36217621\n",
            " 0.06152893 0.19897603 0.92672568 0.19638058]\n",
            "Type2: Diagonal Elements of Y are = [0.5507979  0.45683322 0.44045372 0.84575087 0.4576864  0.36217621\n",
            " 0.06152893 0.19897603 0.92672568 0.19638058]\n",
            "Trace of Y = 4.497309545724899\n",
            "First Way : Eigen Value of Y are = [ 4.797525  +0.j          0.72411408+0.52238181j  0.72411408-0.52238181j\n",
            " -0.48250062+0.55413671j -0.48250062-0.55413671j -0.6909002 +0.j\n",
            " -0.25905659+0.32357377j -0.25905659-0.32357377j  0.2127855 +0.08352477j\n",
            "  0.2127855 -0.08352477j]\n",
            "2nd Way : Eigen Value of Y are = [ 4.797525  +0.j          0.72411408+0.52238181j  0.72411408-0.52238181j\n",
            " -0.48250062+0.55413671j -0.48250062-0.55413671j -0.6909002 +0.j\n",
            " -0.25905659+0.32357377j -0.25905659-0.32357377j  0.2127855 +0.08352477j\n",
            "  0.2127855 -0.08352477j]\n",
            "u of Y = \n",
            "[[-0.31776408 -0.02455508 -0.60644878 -0.17883359 -0.12672161  0.14873878\n",
            "  -0.17823942 -0.52859453 -0.02295855 -0.38570883]\n",
            " [-0.26118514 -0.10864541 -0.24911354  0.26547359  0.52168399 -0.25773901\n",
            "  -0.46995326  0.21752636 -0.39285046  0.16234491]\n",
            " [-0.31347907 -0.34483471 -0.25292297  0.1214296   0.1486964   0.33436315\n",
            "   0.54080229  0.48017168  0.05660692 -0.20966421]\n",
            " [-0.35815379  0.59490017  0.30255161  0.15850614 -0.11046295  0.3051409\n",
            "   0.07395537  0.03044889 -0.50561658 -0.18384856]\n",
            " [-0.28385845 -0.18085696 -0.1583078   0.10535533 -0.46807835 -0.08377643\n",
            "   0.24075452 -0.16170764 -0.24786952  0.69201648]\n",
            " [-0.28871348 -0.27577124  0.40271105  0.60433658  0.11931679 -0.04899205\n",
            "   0.02593316 -0.44875145  0.27874747 -0.12964796]\n",
            " [-0.27897316  0.00398904  0.20819753 -0.52536617  0.41116881 -0.41991923\n",
            "   0.42687225 -0.24145621 -0.12958507 -0.00984813]\n",
            " [-0.24788529  0.48136836 -0.15792433 -0.02303902  0.3246308   0.25755952\n",
            "  -0.01429533 -0.03088365  0.56052488  0.44079262]\n",
            " [-0.37505167 -0.36728578  0.39799373 -0.45186801 -0.10830044  0.34456765\n",
            "  -0.4447402   0.14147957  0.0716725   0.09192695]\n",
            " [-0.40049601  0.19846099 -0.02705464  0.02500837 -0.39745062 -0.57941613\n",
            "  -0.10288216  0.3673956   0.33321483 -0.22039139]]\n",
            "v_transpose of Y = \n",
            "[[-0.28816735 -0.35560525 -0.33294235 -0.33250662 -0.36658188 -0.3625847\n",
            "  -0.26573249 -0.23278667 -0.30457183 -0.29270444]\n",
            " [ 0.53693497  0.11306854  0.39562078  0.25099719 -0.07369559 -0.37753546\n",
            "  -0.08584363  0.00333609 -0.2399022  -0.51623983]\n",
            " [-0.084609   -0.22589744 -0.00306935  0.1954239  -0.327784   -0.49318928\n",
            "   0.42323124  0.18588504  0.58200169  0.02301787]\n",
            " [ 0.01388163 -0.2631197   0.42190391 -0.53612946  0.01058633 -0.04415909\n",
            "   0.29385139  0.49501812 -0.32731018  0.15669071]\n",
            " [-0.27340804  0.28220631  0.28945859 -0.1626885   0.14790418 -0.35915036\n",
            "  -0.64971879  0.23854611  0.29589227  0.1337842 ]\n",
            " [ 0.10830593  0.27974551 -0.20571161  0.10308827  0.10096026 -0.5325142\n",
            "   0.15994871 -0.16150892 -0.3941055   0.59692177]\n",
            " [ 0.44882085  0.34972045 -0.01773924 -0.50737391 -0.52251393  0.11970007\n",
            "  -0.02807841 -0.20137782  0.25705553  0.15409283]\n",
            " [-0.35599817 -0.05022624  0.63427946  0.20935183 -0.34847081  0.11510691\n",
            "   0.03182222 -0.47748403 -0.1161671   0.21777064]\n",
            " [ 0.18417681 -0.32168889  0.15954963 -0.32397524  0.5548368  -0.1807982\n",
            "   0.08626619 -0.55063636  0.28439362 -0.01119242]\n",
            " [-0.41560913  0.59522266  0.02089304 -0.23979844  0.13515565 -0.0893732\n",
            "   0.44674689 -0.10709455 -0.02239562 -0.42098815]]\n",
            "Singular Value of Y = \n",
            "[4.89636645 1.42832104 1.17173389 0.94068764 0.76892251 0.62457278\n",
            " 0.52105948 0.28969576 0.24512275 0.09350223]\n",
            "Inverse if exists, otherwise Pseudo-Inverse [[ 2.31470983 -1.92264991  0.7642126   0.78096977 -2.74248585  1.20175092\n",
            "   0.38693174 -1.37664514 -0.96484143  0.83123246]\n",
            " [-2.24504111  1.25605742 -0.91466223 -0.39587642  4.71823627 -1.32162185\n",
            "   0.52594984  2.39368168  0.33051878 -2.33540101]\n",
            " [-1.41290916  0.66149939  0.94968095 -0.18869248 -0.50069581 -0.55664939\n",
            "  -0.55275157  0.57384943 -0.04209635  1.11025544]\n",
            " [ 0.88051129  0.37055438  0.15632501  1.25248223 -1.81219563 -0.7249179\n",
            "  -0.19613524 -1.81766381  0.56943994  0.52226388]\n",
            " [ 0.39743656 -0.28842728 -1.09880632 -1.57965965  0.36480771  0.90235521\n",
            "  -0.47743451  2.09911148  0.53638288 -0.04562024]\n",
            " [ 0.36068175  0.22958502  0.33426258  0.10367281 -0.06700744 -0.37158555\n",
            "   0.22972702 -1.26286862 -0.45133033  0.75430018]\n",
            " [-2.01045364  0.19347423 -1.01393804 -0.74303568  3.56449935 -0.31892146\n",
            "  -0.67116163  2.01265699  0.72873355 -0.69454601]\n",
            " [ 1.18043988  0.86047396 -0.88991494  1.30425635 -0.14247318  0.69661973\n",
            "   0.5413572  -1.69774697 -0.60797727 -1.00698216]\n",
            " [-0.1679456  -0.63197036 -0.0540802  -0.73587818 -0.46423184  0.67805628\n",
            "   0.88551393  0.37662528 -0.03416891  0.42341327]\n",
            " [ 1.3938872  -0.74982353  1.96636643  1.00676681 -3.21953806  0.44078124\n",
            "  -0.40298654 -1.90114336 -0.04414834  0.55576763]]\n",
            "Multiplication  𝑌  with  𝑋 [[2.95726101 2.04939653 3.09073485 3.22311637 1.78554985]\n",
            " [2.61266989 1.75663954 2.48635951 2.79783984 1.50654432]\n",
            " [2.98361778 2.02894044 2.82637865 2.88685728 1.69799548]\n",
            " [2.98565892 2.85485651 3.58995669 4.0073463  2.2697569 ]\n",
            " [2.49815821 1.97791033 2.77809758 2.71690515 1.59098767]\n",
            " [2.72146909 2.39905911 2.58780909 2.78212857 1.71792628]\n",
            " [2.22935358 1.74438251 2.94718357 2.48955906 2.05838199]\n",
            " [2.30476788 1.92350098 2.41698824 2.81379687 1.38016019]\n",
            " [2.91925254 2.36604123 3.53647969 3.30424184 2.52990887]\n",
            " [3.39559098 2.84629279 4.05845051 4.01068273 2.35816262]]\n",
            "Element-wise multiplication of 𝑌  and its inverse(or pseudo-inverse) [[ 2.31470983 -1.92264991  0.7642126   0.78096977 -2.74248585  1.20175092\n",
            "   0.38693174 -1.37664514 -0.96484143  0.83123246]\n",
            " [-2.24504111  1.25605742 -0.91466223 -0.39587642  4.71823627 -1.32162185\n",
            "   0.52594984  2.39368168  0.33051878 -2.33540101]\n",
            " [-1.41290916  0.66149939  0.94968095 -0.18869248 -0.50069581 -0.55664939\n",
            "  -0.55275157  0.57384943 -0.04209635  1.11025544]\n",
            " [ 0.88051129  0.37055438  0.15632501  1.25248223 -1.81219563 -0.7249179\n",
            "  -0.19613524 -1.81766381  0.56943994  0.52226388]\n",
            " [ 0.39743656 -0.28842728 -1.09880632 -1.57965965  0.36480771  0.90235521\n",
            "  -0.47743451  2.09911148  0.53638288 -0.04562024]\n",
            " [ 0.36068175  0.22958502  0.33426258  0.10367281 -0.06700744 -0.37158555\n",
            "   0.22972702 -1.26286862 -0.45133033  0.75430018]\n",
            " [-2.01045364  0.19347423 -1.01393804 -0.74303568  3.56449935 -0.31892146\n",
            "  -0.67116163  2.01265699  0.72873355 -0.69454601]\n",
            " [ 1.18043988  0.86047396 -0.88991494  1.30425635 -0.14247318  0.69661973\n",
            "   0.5413572  -1.69774697 -0.60797727 -1.00698216]\n",
            " [-0.1679456  -0.63197036 -0.0540802  -0.73587818 -0.46423184  0.67805628\n",
            "   0.88551393  0.37662528 -0.03416891  0.42341327]\n",
            " [ 1.3938872  -0.74982353  1.96636643  1.00676681 -3.21953806  0.44078124\n",
            "  -0.40298654 -1.90114336 -0.04414834  0.55576763]]\n"
          ],
          "name": "stdout"
        }
      ]
    },
    {
      "cell_type": "markdown",
      "metadata": {
        "id": "Qne3RnfOL6-4",
        "colab_type": "text"
      },
      "source": [
        "## End of Part - 1\n",
        " --- --- ---"
      ]
    },
    {
      "cell_type": "markdown",
      "metadata": {
        "id": "LA-m4UYkMPTe",
        "colab_type": "text"
      },
      "source": [
        "## Part - 2\n",
        "---\n",
        "In this part, you will be working with the library ```pandas```. Import this library with an alias name ```pd```."
      ]
    },
    {
      "cell_type": "code",
      "metadata": {
        "id": "i8z7TpnZSIms",
        "colab_type": "code",
        "colab": {}
      },
      "source": [
        "# Initial imports\n",
        "import numpy as np\n",
        "import matplotlib.pyplot as plt\n",
        "import pandas as pd\n",
        "\n"
      ],
      "execution_count": 0,
      "outputs": []
    },
    {
      "cell_type": "markdown",
      "metadata": {
        "id": "2v-HkHnyuQ3X",
        "colab_type": "text"
      },
      "source": [
        "Download dataset from: http://biostat.mc.vanderbilt.edu/wiki/pub/Main/DataSets/titanic3.csv\n",
        "Read the data and display the first 5 rows"
      ]
    },
    {
      "cell_type": "code",
      "metadata": {
        "id": "LinX5ywNTUIm",
        "colab_type": "code",
        "colab": {}
      },
      "source": [
        "#Download dataset from: http://biostat.mc.vanderbilt.edu/wiki/pub/Main/DataSets/titanic3.csv\n",
        "\n",
        "file_url = \"http://biostat.mc.vanderbilt.edu/wiki/pub/Main/DataSets/titanic3.csv\"\n",
        "\n"
      ],
      "execution_count": 0,
      "outputs": []
    },
    {
      "cell_type": "code",
      "metadata": {
        "id": "4U9_EeETXpzD",
        "colab_type": "code",
        "colab": {}
      },
      "source": [
        "# Read the dataset, \n",
        "df = pd.read_csv(file_url)"
      ],
      "execution_count": 0,
      "outputs": []
    },
    {
      "cell_type": "code",
      "metadata": {
        "id": "bTkYhXJ6Xyd7",
        "colab_type": "code",
        "colab": {
          "base_uri": "https://localhost:8080/",
          "height": 34
        },
        "outputId": "86fd785a-a4c7-462f-b937-303781de3454"
      },
      "source": [
        "# Find the Shape (row, col) of the dataFrame\n",
        "df.shape"
      ],
      "execution_count": 10,
      "outputs": [
        {
          "output_type": "execute_result",
          "data": {
            "text/plain": [
              "(1309, 14)"
            ]
          },
          "metadata": {
            "tags": []
          },
          "execution_count": 10
        }
      ]
    },
    {
      "cell_type": "code",
      "metadata": {
        "id": "07SUZv3-X0OA",
        "colab_type": "code",
        "colab": {
          "base_uri": "https://localhost:8080/",
          "height": 204
        },
        "outputId": "20d35062-c3cb-47cc-9eea-ee8e878aee4b"
      },
      "source": [
        "# Get the first few rows\n",
        "df.head()"
      ],
      "execution_count": 11,
      "outputs": [
        {
          "output_type": "execute_result",
          "data": {
            "text/html": [
              "<div>\n",
              "<style scoped>\n",
              "    .dataframe tbody tr th:only-of-type {\n",
              "        vertical-align: middle;\n",
              "    }\n",
              "\n",
              "    .dataframe tbody tr th {\n",
              "        vertical-align: top;\n",
              "    }\n",
              "\n",
              "    .dataframe thead th {\n",
              "        text-align: right;\n",
              "    }\n",
              "</style>\n",
              "<table border=\"1\" class=\"dataframe\">\n",
              "  <thead>\n",
              "    <tr style=\"text-align: right;\">\n",
              "      <th></th>\n",
              "      <th>pclass</th>\n",
              "      <th>survived</th>\n",
              "      <th>name</th>\n",
              "      <th>sex</th>\n",
              "      <th>age</th>\n",
              "      <th>sibsp</th>\n",
              "      <th>parch</th>\n",
              "      <th>ticket</th>\n",
              "      <th>fare</th>\n",
              "      <th>cabin</th>\n",
              "      <th>embarked</th>\n",
              "      <th>boat</th>\n",
              "      <th>body</th>\n",
              "      <th>home.dest</th>\n",
              "    </tr>\n",
              "  </thead>\n",
              "  <tbody>\n",
              "    <tr>\n",
              "      <th>0</th>\n",
              "      <td>1</td>\n",
              "      <td>1</td>\n",
              "      <td>Allen, Miss. Elisabeth Walton</td>\n",
              "      <td>female</td>\n",
              "      <td>29.00</td>\n",
              "      <td>0</td>\n",
              "      <td>0</td>\n",
              "      <td>24160</td>\n",
              "      <td>211.3375</td>\n",
              "      <td>B5</td>\n",
              "      <td>S</td>\n",
              "      <td>2</td>\n",
              "      <td>NaN</td>\n",
              "      <td>St Louis, MO</td>\n",
              "    </tr>\n",
              "    <tr>\n",
              "      <th>1</th>\n",
              "      <td>1</td>\n",
              "      <td>1</td>\n",
              "      <td>Allison, Master. Hudson Trevor</td>\n",
              "      <td>male</td>\n",
              "      <td>0.92</td>\n",
              "      <td>1</td>\n",
              "      <td>2</td>\n",
              "      <td>113781</td>\n",
              "      <td>151.5500</td>\n",
              "      <td>C22 C26</td>\n",
              "      <td>S</td>\n",
              "      <td>11</td>\n",
              "      <td>NaN</td>\n",
              "      <td>Montreal, PQ / Chesterville, ON</td>\n",
              "    </tr>\n",
              "    <tr>\n",
              "      <th>2</th>\n",
              "      <td>1</td>\n",
              "      <td>0</td>\n",
              "      <td>Allison, Miss. Helen Loraine</td>\n",
              "      <td>female</td>\n",
              "      <td>2.00</td>\n",
              "      <td>1</td>\n",
              "      <td>2</td>\n",
              "      <td>113781</td>\n",
              "      <td>151.5500</td>\n",
              "      <td>C22 C26</td>\n",
              "      <td>S</td>\n",
              "      <td>NaN</td>\n",
              "      <td>NaN</td>\n",
              "      <td>Montreal, PQ / Chesterville, ON</td>\n",
              "    </tr>\n",
              "    <tr>\n",
              "      <th>3</th>\n",
              "      <td>1</td>\n",
              "      <td>0</td>\n",
              "      <td>Allison, Mr. Hudson Joshua Creighton</td>\n",
              "      <td>male</td>\n",
              "      <td>30.00</td>\n",
              "      <td>1</td>\n",
              "      <td>2</td>\n",
              "      <td>113781</td>\n",
              "      <td>151.5500</td>\n",
              "      <td>C22 C26</td>\n",
              "      <td>S</td>\n",
              "      <td>NaN</td>\n",
              "      <td>135.0</td>\n",
              "      <td>Montreal, PQ / Chesterville, ON</td>\n",
              "    </tr>\n",
              "    <tr>\n",
              "      <th>4</th>\n",
              "      <td>1</td>\n",
              "      <td>0</td>\n",
              "      <td>Allison, Mrs. Hudson J C (Bessie Waldo Daniels)</td>\n",
              "      <td>female</td>\n",
              "      <td>25.00</td>\n",
              "      <td>1</td>\n",
              "      <td>2</td>\n",
              "      <td>113781</td>\n",
              "      <td>151.5500</td>\n",
              "      <td>C22 C26</td>\n",
              "      <td>S</td>\n",
              "      <td>NaN</td>\n",
              "      <td>NaN</td>\n",
              "      <td>Montreal, PQ / Chesterville, ON</td>\n",
              "    </tr>\n",
              "  </tbody>\n",
              "</table>\n",
              "</div>"
            ],
            "text/plain": [
              "   pclass  survived  ...   body                        home.dest\n",
              "0       1         1  ...    NaN                     St Louis, MO\n",
              "1       1         1  ...    NaN  Montreal, PQ / Chesterville, ON\n",
              "2       1         0  ...    NaN  Montreal, PQ / Chesterville, ON\n",
              "3       1         0  ...  135.0  Montreal, PQ / Chesterville, ON\n",
              "4       1         0  ...    NaN  Montreal, PQ / Chesterville, ON\n",
              "\n",
              "[5 rows x 14 columns]"
            ]
          },
          "metadata": {
            "tags": []
          },
          "execution_count": 11
        }
      ]
    },
    {
      "cell_type": "code",
      "metadata": {
        "id": "r2MPCLxSgQEf",
        "colab_type": "code",
        "colab": {
          "base_uri": "https://localhost:8080/",
          "height": 374
        },
        "outputId": "a066341d-aa21-4340-9942-165ba0bd14c2"
      },
      "source": [
        "# Check if there is any missing values in the dataframe or not\n",
        "df.info()"
      ],
      "execution_count": 16,
      "outputs": [
        {
          "output_type": "stream",
          "text": [
            "<class 'pandas.core.frame.DataFrame'>\n",
            "RangeIndex: 1309 entries, 0 to 1308\n",
